function clr=ListOfColors
clr=[0.5412    0.2314    0.1804
    0.6824    0.4863    0.3137
    0.4549    0.2392    0.1804
    0.4400    0.2100    0.1600
%     0.5493    0.5493    0.5493
%     0.4706    0.4706    0.4706
%     0.5882    0.5882    0.5882
%     0.3922    0.3922    0.3922
    ];

% close all
% i=8;
% plot(0,0,'*','color',clr(i,:))